1000
13 68 39
2 76 15
55 71 46
62 87 92
42 7 15
84 98 55
14 33 90
84 90 42
79 8 72
34 72 75
80 94 17
56 44 57
57 75 37
90 69 60
31 37 19
20 98 70
58 36 22
46 74 16
98 96 13
68 45 5
86 33 83
52 39 2
97 24 78
100 89 96
85 86 56
54 84 77
73 81 87
5 19 45
54 70 59
33 29 79
46 100 56
27 39 58
99 41 62
96 28 17
52 69 42
40 31 94
11 45 87
16 53 10
8 13 21
0 30 70
39 43 22
82 70 56
10 28 72
7 55 85
53 89 74
45 94 28
84 69 3
7 72 10
34 21 80
6 12 13
74 3 72
50 96 59
77 46 98
17 43 82
38 13 25
12 65 66
15 28 37
61 29 41
0 20 21
94 20 21
37 29 63
50 45 96
36 12 28
25 60 20
93 62 100
0 54 4
96 2 72
83 62 4
46 38 10
34 68 35
57 76 70
22 21 46
73 100 14
12 72 15
36 93 63
52 56 84
29 11 42
81 79 13
52 90 42
56 83 72
95 59 36
59 75 48
16 54 82
21 57 20
51 16 84
79 20 6
99 95 91
1 54 73
65 39 45
5 74 9
51 76 26
1 94 5
10 22 75
63 73 6
79 48 76
45 24 7
35 16 42
76 84 67
10 19 4
99 92 60
1 12 64
2 93 86
94 29 22
64 96 55
11 30 40
60 24 94
1 87 21
66 26 38
52 23 15
99 8 47
21 99 3
75 97 59
21 17 22
100 91 95
17 37 79
79 12 10
44 27 57
30 44 90
10 72 100
62 18 5
77 28 9
66 20 11
91 48 60
17 52 13
44 95 98
29 36 86
12 8 16
11 10 80
84 40 70
62 17 11
100 91 18
37 33 18
70 42 40
85 12 5
22 88 73
85 73 70
42 4 54
87 5 14
99 60 89
58 20 9
71 75 75
72 73 82
26 4 85
93 5 46
13 45 52
2 35 88
53 86 23
3 19 75
33 34 86
24 84 57
14 72 37
52 58 41
31 11 98
70 35 42
24 29 11
94 54 91
98 85 64
1 69 27
4 87 25
27 5 38
3 22 39
91 74 34
62 59 95
31 20 6
34 5 87
91 25 16
11 32 65
84 63 8
95 44 79
95 20 58
13 64 42
66 17 16
66 96 69
23 65 87
3 53 40
57 76 73
20 18 1
79 4 33
32 10 75
44 68 69
31 9 97
99 35 58
18 66 28
33 18 17
87 21 91
37 92 57
84 79 77
86 41 9
52 22 97
42 65 78
67 89 59
19 77 72
78 22 46
7 83 47
20 46 63
28 37 95
7 29 92
80 74 70
60 5 38
50 22 39
55 82 21
67 56 15
71 28 4
89 42 1
96 46 59
86 7 52
51 34 61
82 86 16
54 31 99
97 7 12
68 76 65
6 68 91
44 31 91
100 97 2
38 27 52
12 72 83
14 63 94
26 20 90
94 53 82
89 21 73
41 35 64
7 54 41
50 58 100
84 30 23
5 97 10
69 3 81
42 67 14
16 81 32
0 44 99
21 89 97
80 46 30
57 27 68
30 57 67
63 47 47
45 83 96
85 93 63
0 99 43
92 80 87
100 1 1
13 62 69
93 92 92
12 33 57
90 98 72
98 6 75
11 83 30
19 7 99
56 82 23
76 77 73
47 53 21
45 62 57
97 81 53
28 75 45
41 87 80
36 4 21
97 18 34
53 48 96
52 20 71
88 76 98
45 58 69
77 75 10
16 93 89
7 29 86
75 83 75
21 61 42
22 14 70
93 24 72
58 27 76
66 69 9
91 5 25
10 33 56
12 9 17
82 79 96
94 30 1
70 15 34
78 92 39
85 9 98
98 55 70
81 38 43
87 40 57
18 69 54
57 10 21
64 15 25
36 17 39
54 28 31
97 88 98
91 59 33
20 28 98
41 26 27
39 85 37
53 61 85
41 48 10
56 92 59
43 58 83
75 46 17
94 24 53
37 87 8
62 24 38
84 75 56
20 73 91
58 86 97
24 8 15
0 55 55
31 15 100
41 85 26
59 43 87
75 28 25
34 78 66
13 35 36
15 70 53
38 31 43
8 61 41
40 9 35
61 65 100
85 68 41
48 64 69
9 72 95
48 100 27
52 96 17
70 16 5
34 85 73
54 73 68
25 40 82
88 98 54
84 26 67
5 34 58
14 98 61
74 76 22
6 54 76
85 7 21
15 81 62
34 16 89
30 94 18
38 91 22
55 2 71
35 99 22
98 13 29
55 55 17
71 86 34
97 37 34
82 32 14
26 92 27
0 27 62
19 32 69
25 18 17
82 87 30
0 53 42
62 17 79
47 71 80
54 99 95
34 92 69
75 31 59
37 56 98
64 25 83
53 90 67
65 69 32
11 69 57
60 2 68
37 24 17
8 3 76
22 45 39
22 75 38
56 30 6
53 5 47
44 35 57
90 76 61
84 74 99
28 14 70
93 37 34
94 75 65
31 86 25
15 48 19
51 66 33
65 48 46
71 75 25
74 98 45
17 8 18
4 8 40
54 69 77
60 68 69
79 70 92
42 33 100
89 37 94
4 38 5
47 68 48
44 26 6
66 16 67
17 89 70
86 98 75
29 35 24
39 5 87
63 5 13
46 69 58
100 55 38
36 67 58
20 39 43
71 59 9
44 52 32
15 90 92
74 13 7
28 95 81
35 9 73
47 27 8
91 2 12
91 41 56
28 13 37
38 86 11
1 7 59
53 6 61
98 4 46
97 40 45
43 99 74
69 44 38
67 77 35
55 83 24
46 60 37
43 82 18
91 83 54
98 80 87
94 7 87
98 42 24
7 21 17
31 83 25
1 28 70
95 62 96
36 41 40
22 41 17
57 41 42
47 12 95
91 86 25
61 87 41
66 92 12
81 16 88
76 78 55
57 61 15
44 5 97
29 21 13
15 12 1
86 92 88
59 78 24
75 76 37
48 16 37
72 96 80
87 70 20
67 5 11
28 62 38
23 68 11
70 93 6
45 38 11
60 81 24
26 63 84
86 75 33
28 46 55
21 26 87
78 23 25
79 6 30
13 9 38
23 21 97
0 92 67
75 69 6
56 65 95
12 55 55
34 78 21
42 12 84
27 97 67
7 52 70
90 78 19
49 86 5
29 25 59
35 8 16
99 99 99
0 65 91
6 36 66
76 21 60
31 43 35
43 44 59
38 92 85
68 6 13
44 52 32
82 20 52
79 37 2
0 33 60
90 63 36
71 28 11
58 85 42
76 9 32
70 100 38
16 12 2
0 10 42
18 57 73
86 22 44
67 43 16
73 6 68
19 67 40
91 24 30
46 65 73
100 17 30
81 88 84
83 12 56
20 24 95
32 77 66
8 44 91
84 18 41
29 94 95
12 25 45
75 2 67
14 36 81
38 55 3
72 68 30
30 5 55
58 18 38
54 36 40
7 68 97
78 12 41
52 79 8
77 31 9
38 87 35
68 31 60
44 71 96
81 38 96
25 74 22
51 39 32
84 95 42
89 41 20
71 35 27
0 20 25
34 14 7
23 7 3
77 21 90
42 25 39
57 66 7
48 46 58
77 23 24
92 55 47
35 35 60
13 98 74
98 28 93
46 25 23
78 56 13
51 22 21
26 2 42
39 12 84
67 10 77
95 23 15
86 89 75
95 21 59
88 45 37
12 98 95
1 55 20
98 22 42
91 63 85
73 81 29
56 22 38
10 67 92
67 60 11
60 81 83
30 41 28
64 16 62
81 14 29
13 63 44
28 1 34
51 52 94
56 43 8
4 92 13
38 36 53
31 32 20
80 60 28
65 77 76
20 94 40
65 46 89
54 18 72
78 3 72
65 89 98
24 66 29
64 88 26
64 38 29
84 70 75
46 54 18
15 72 4
37 13 100
28 95 98
22 42 25
57 53 73
16 15 64
84 53 47
32 96 39
75 9 23
47 66 68
19 61 77
80 2 41
16 88 96
12 59 63
57 26 71
61 38 36
19 78 93
53 70 66
37 62 67
55 65 61
80 5 56
51 37 95
29 71 99
60 38 13
8 92 17
97 14 17
67 53 15
14 84 31
39 68 98
52 33 14
6 23 99
3 98 22
57 85 91
11 72 92
8 2 87
81 58 33
83 56 97
35 71 80
51 46 69
17 2 33
77 89 85
76 85 40
35 81 8
49 97 30
6 57 10
68 55 29
70 25 2
43 81 99
16 97 9
28 81 52
18 82 44
82 42 37
38 73 58
59 46 2
91 22 82
1 23 28
29 2 60
25 69 7
47 85 3
95 29 87
61 89 91
17 31 57
44 65 58
49 32 95
61 63 52
100 26 16
49 43 41
59 19 85
48 86 21
22 97 31
84 71 12
30 74 67
53 85 73
56 1 93
53 48 15
74 86 67
100 35 40
20 56 46
84 90 1
79 6 20
72 69 8
80 65 25
78 53 78
19 13 36
83 39 80
36 87 6
77 83 32
60 4 61
23 79 47
91 65 22
26 26 94
84 32 46
73 67 79
24 26 19
75 96 31
94 30 67
23 70 19
13 99 9
40 87 59
50 69 97
86 82 81
100 63 3
7 79 5
52 71 98
34 54 33
83 41 63
61 11 61
29 81 85
32 38 20
55 48 15
67 45 84
38 15 17
51 57 31
93 40 71
50 36 93
37 2 41
80 78 67
66 98 21
44 4 23
94 6 97
34 29 37
17 26 74
4 80 61
50 27 13
4 79 33
21 52 78
6 27 73
42 33 8
30 86 56
4 95 82
20 60 75
90 47 68
25 85 66
42 73 40
74 9 58
8 20 80
92 40 17
43 19 26
42 63 85
48 59 23
75 79 54
60 52 78
60 98 27
58 12 24
99 10 38
28 74 83
4 11 83
92 100 81
18 95 60
22 34 52
90 48 65
34 29 29
93 91 57
18 61 15
30 61 23
73 41 26
63 90 6
57 52 31
38 4 1
49 34 10
28 88 81
73 9 85
87 20 40
53 92 12
22 15 99
72 82 11
28 100 1
10 87 38
100 74 54
92 10 71
95 95 17
27 81 7
34 44 71
49 2 81
80 70 89
6 90 7
23 3 100
61 56 2
15 40 98
59 75 32
61 71 58
10 33 33
82 24 95
13 82 4
12 83 57
52 71 59
79 13 6
51 61 55
74 35 91
3 82 67
12 3 26
26 7 46
82 47 46
62 48 83
16 39 79
14 78 60
6 74 32
83 81 21
25 17 18
25 43 87
72 98 89
97 96 54
28 12 87
98 83 39
6 37 12
100 84 31
31 47 82
51 7 31
78 21 43
84 98 25
2 100 54
63 4 15
6 97 77
59 30 95
25 25 97
92 33 47
31 3 8
16 79 40
17 17 24
35 55 63
40 29 19
36 98 27
40 32 40
36 54 38
36 65 62
63 97 5
53 77 48
85 16 71
55 94 47
66 75 25
21 53 4
10 36 76
46 18 82
13 55 55
23 35 44
79 29 41
33 56 65
16 66 92
2 42 20
92 31 9
31 57 62
61 9 64
26 91 40
1 73 59
40 58 61
54 53 91
48 77 79
93 85 66
52 68 7
41 97 68
25 54 15
28 96 15
73 66 59
41 67 73
100 31 47
86 14 22
81 8 37
54 86 32
62 44 84
74 73 98
68 88 5
72 40 83
44 62 13
57 38 52
25 2 9
23 34 79
32 71 93
31 90 6
62 57 13
91 88 3
31 9 89
65 77 89
2 77 57
90 67 82
57 28 81
55 94 1
67 58 20
13 21 19
91 96 80
60 34 72
2 59 23
61 34 14
48 39 20
11 78 3
80 80 99
8 31 78
63 18 95
98 69 74
75 18 61
99 91 5
69 26 21
39 62 19
25 76 48
18 75 3
73 29 39
64 85 30
34 44 91
91 10 57
2 47 93
41 32 82
44 88 41
2 21 41
19 32 19
76 45 72
87 78 17
100 6 31
1 74 53
93 62 88
37 21 1
84 48 1
100 66 13
1 90 31
35 57 4
84 58 56
4 42 74
1 95 53
7 56 41
31 8 81
92 4 28
59 72 79
10 22 55
39 62 18
19 23 85
90 16 86
77 67 94
91 77 63
0 15 62
39 94 64
55 36 81
87 12 14
58 20 22
12 24 3
33 39 73
17 46 54
92 7 98
97 83 99
23 17 75
14 12 58
6 10 20
95 85 18
39 68 89
87 93 35
24 81 77
19 53 6
7 25 48
29 21 89
10 38 38
54 47 14
38 18 100
23 66 83
28 89 30
88 5 55
23 8 13
67 1 56
67 43 20
39 39 55
40 5 31
66 15 25
81 53 85
16 66 96
67 3 26
72 83 63
4 47 1
5 36 8
49 42 78
5 4 81
79 26 26
19 87 86
8 47 90
51 82 15
82 56 91
39 42 75
40 47 81
55 71 19
82 93 96
86 23 47
7 38 80
69 39 59
35 43 32
25 63 58
1 81 66
96 55 72
48 19 14
4 99 34
33 70 76
32 68 96
75 18 15
53 28 74
68 63 40
35 64 17
1 52 5
19 15 33
96 74 56
61 53 3
70 70 72
14 10 10
14 30 25
70 35 40
34 92 25
2 67 55
52 44 12
57 58 89
33 36 11
14 89 2
22 84 76
24 100 35
99 70 27
15 100 82
43 82 22
63 75 34
66 89 30
8 58 1
100 39 9
83 88 33
49 47 74
55 98 32
96 44 13
83 15 78
54 6 54
67 45 63
82 98 10
75 37 68
57 48 78
